banner_superior_lunamiel.swf Informe de película
-------------------------------------------------

Metadatos
---------
Bytes         Valor
----------    -----
      1202    <rdf:RDF xmlns:rdf="http://www.w3.org/1999/02/22-rdf-syntax-ns#"> <rdf:Description rdf:about="" xmlns:xmp="http://ns.adobe.com/xap/1.0/"> <xmp:CreatorTool>Adobe Flash CS4 Professional</xmp:CreatorTool> <xmp:CreateDate>2010-03-19T15:35:32-05:00</xmp:CreateDate> <xmp:MetadataDate>2011-10-27T15:44:08-05:00</xmp:MetadataDate> <xmp:ModifyDate>2011-10-27T15:44:08-05:00</xmp:ModifyDate> </rdf:Description> <rdf:Description rdf:about="" xmlns:dc="http://purl.org/dc/elements/1.1/"> <dc:format>application/x-shockwave-flash</dc:format> </rdf:Description> <rdf:Description rdf:about="" xmlns:xmpMM="http://ns.adobe.com/xap/1.0/mm/" xmlns:stRef="http://ns.adobe.com/xap/1.0/sType/ResourceRef#"> <xmpMM:InstanceID>xmp.iid:3FF5D995D200E1118C52C34A81E74489</xmpMM:InstanceID> <xmpMM:DocumentID>xmp.did:3FF5D995D200E1118C52C34A81E74489</xmpMM:DocumentID> <xmpMM:OriginalDocumentID>xmp.did:B2B632B09333DF119036AEFB10A42BA5</xmpMM:OriginalDocumentID> <xmpMM:DerivedFrom rdf:parseType="Resource"> <stRef:instanceID>xmp.iid:3EF5D995D200E1118C52C34A81E74489</stRef:instanceID> <stRef:documentID>xmp.did:B2B632B09333DF119036AEFB10A42BA5</stRef:documentID> <stRef:originalDocumentID>xmp.did:B2B632B09333DF119036AEFB10A42BA5</stRef:originalDocumentID> </xmpMM:DerivedFrom> </rdf:Description> </rdf:RDF> 

Fotograma #    Bytes de fotograma    Bytes totales    Escena
-----------    ------------------    -------------    ------
          1                 61583            61583    Escena 1 (Fotograma de exportación para clases de AS 3.0)
          2                     1            61584    
          3                     1            61585    
          4                     1            61586    
          5                     1            61587    
          6                     1            61588    
          7                     1            61589    
          8                     1            61590    
          9                     1            61591    
         10                     1            61592    
         11                     1            61593    
         12                     1            61594    
         13                     1            61595    
         14                     1            61596    
         15                     1            61597    
         16                     1            61598    
         17                     1            61599    
         18                     1            61600    
         19                     1            61601    
         20                     1            61602    
         21                     1            61603    
         22                     1            61604    
         23                     1            61605    
         24                     1            61606    
         25                     1            61607    
         26                    11            61618    
         27                    11            61629    
         28                    11            61640    
         29                    11            61651    
         30                    11            61662    
         31                    11            61673    
         32                    11            61684    
         33                    11            61695    
         34                    11            61706    
         35                    11            61717    
         36                    11            61728    
         37                    11            61739    
         38                    11            61750    
         39                    11            61761    
         40                    11            61772    
         41                    11            61783    
         42                    11            61794    
         43                    11            61805    
         44                    11            61816    
         45                    11            61827    
         46                    11            61838    
         47                    11            61849    
         48                    11            61860    
         49                    11            61871    
         50                    11            61882    
         51                    11            61893    
         52                    11            61904    
         53                    11            61915    
         54                    11            61926    
         55                    11            61937    
         56                    11            61948    
         57                    11            61959    
         58                    11            61970    
         59                    11            61981    
         60                    11            61992    
         61                    11            62003    
         62                    11            62014    
         63                    11            62025    
         64                    11            62036    
         65                    11            62047    
         66                    11            62058    
         67                    11            62069    
         68                    11            62080    
         69                    11            62091    
         70                    11            62102    
         71                    11            62113    
         72                    11            62124    
         73                    11            62135    
         74                    11            62146    
         75                    11            62157    
         76                    11            62168    
         77                    11            62179    
         78                    11            62190    
         79                    11            62201    
         80                    11            62212    
         81                    11            62223    
         82                    11            62234    
         83                    11            62245    
         84                    11            62256    
         85                    11            62267    
         86                    11            62278    
         87                    11            62289    
         88                    11            62300    
         89                    11            62311    
         90                    11            62322    
         91                    11            62333    
         92                    11            62344    
         93                    11            62355    
         94                    11            62366    
         95                    11            62377    
         96                    11            62388    
         97                    11            62399    
         98                    11            62410    
         99                    11            62421    
        100                    11            62432    
        101                    11            62443    
        102                    11            62454    
        103                    11            62465    
        104                    11            62476    
        105                    11            62487    
        106                    11            62498    
        107                    11            62509    
        108                    11            62520    
        109                    11            62531    
        110                    11            62542    
        111                    11            62553    
        112                    11            62564    
        113                    11            62575    
        114                    11            62586    
        115                    11            62597    
        116                    11            62608    
        117                    11            62619    
        118                    11            62630    
        119                    11            62641    
        120                    11            62652    
        121                    11            62663    
        122                    11            62674    
        123                    11            62685    
        124                    11            62696    
        125                    11            62707    
        126                    11            62718    
        127                    11            62729    
        128                    11            62740    
        129                    11            62751    
        130                    11            62762    
        131                    11            62773    
        132                    11            62784    
        133                    11            62795    
        134                    11            62806    
        135                    11            62817    
        136                    11            62828    
        137                    11            62839    
        138                    11            62850    
        139                    11            62861    
        140                    11            62872    
        141                    11            62883    
        142                    11            62894    
        143                    11            62905    
        144                    11            62916    
        145                    11            62927    
        146                    11            62938    
        147                    11            62949    
        148                    11            62960    
        149                    11            62971    
        150                    11            62982    
        151                    11            62993    
        152                    11            63004    
        153                    11            63015    
        154                    11            63026    
        155                    11            63037    
        156                    11            63048    
        157                    11            63059    
        158                    11            63070    
        159                    11            63081    
        160                    11            63092    
        161                    11            63103    
        162                    11            63114    
        163                    11            63125    
        164                    11            63136    
        165                    11            63147    
        166                    11            63158    
        167                    11            63169    
        168                    11            63180    
        169                    11            63191    
        170                    11            63202    
        171                    11            63213    
        172                    11            63224    
        173                    11            63235    
        174                    11            63246    
        175                    11            63257    
        176                    11            63268    
        177                    11            63279    
        178                    11            63290    
        179                    11            63301    
        180                    11            63312    
        181                    11            63323    
        182                    11            63334    
        183                    11            63345    
        184                    11            63356    
        185                    11            63367    
        186                    11            63378    
        187                    11            63389    
        188                    11            63400    
        189                    11            63411    
        190                    11            63422    
        191                    11            63433    
        192                    11            63444    
        193                    11            63455    
        194                    11            63466    
        195                    11            63477    
        196                    11            63488    
        197                    11            63499    
        198                    11            63510    
        199                    11            63521    
        200                    11            63532    
        201                    11            63543    
        202                    11            63554    
        203                    11            63565    
        204                    11            63576    
        205                    11            63587    
        206                    11            63598    
        207                    11            63609    
        208                    11            63620    
        209                    11            63631    
        210                    11            63642    
        211                    11            63653    
        212                    11            63664    
        213                    11            63675    
        214                    11            63686    
        215                    11            63697    
        216                    11            63708    
        217                    11            63719    
        218                    11            63730    
        219                    11            63741    
        220                    11            63752    
        221                    11            63763    
        222                    11            63774    
        223                    11            63785    
        224                    11            63796    
        225                    11            63807    
        226                    11            63818    
        227                    11            63829    
        228                    11            63840    
        229                    11            63851    
        230                    11            63862    
        231                    11            63873    
        232                    11            63884    
        233                    11            63895    
        234                    11            63906    
        235                    11            63917    
        236                    11            63928    
        237                    11            63939    
        238                    11            63950    
        239                    11            63961    
        240                    11            63972    
        241                    11            63983    
        242                    11            63994    
        243                    11            64005    
        244                    11            64016    
        245                    11            64027    
        246                    11            64038    
        247                    11            64049    
        248                    11            64060    
        249                    11            64071    
        250                    11            64082    
        251                    12            64094    
        252                    12            64106    
        253                    12            64118    
        254                    12            64130    
        255                 34491            98621    
        256                    14            98635    
        257                    11            98646    
        258                    11            98657    
        259                    11            98668    
        260                    11            98679    
        261                    11            98690    
        262                    11            98701    
        263                    11            98712    
        264                    11            98723    
        265                    11            98734    
        266                    11            98745    
        267                    11            98756    
        268                    11            98767    
        269                    11            98778    
        270                    11            98789    
        271                    11            98800    
        272                    11            98811    
        273                    11            98822    
        274                    11            98833    
        275                    11            98844    
        276                    11            98855    
        277                    11            98866    
        278                    11            98877    
        279                    11            98888    
        280                    11            98899    
        281                    11            98910    
        282                    11            98921    
        283                    11            98932    
        284                    11            98943    
        285                    11            98954    
        286                    11            98965    
        287                    11            98976    
        288                    11            98987    
        289                    11            98998    
        290                    11            99009    
        291                    11            99020    
        292                    11            99031    
        293                    11            99042    
        294                    11            99053    
        295                    11            99064    
        296                    11            99075    
        297                    11            99086    
        298                    11            99097    
        299                    11            99108    
        300                    11            99119    
        301                    11            99130    
        302                    11            99141    
        303                    11            99152    
        304                    11            99163    
        305                    11            99174    
        306                    11            99185    
        307                    11            99196    
        308                    11            99207    
        309                    11            99218    
        310                    11            99229    
        311                    11            99240    
        312                    11            99251    
        313                    11            99262    
        314                    11            99273    
        315                    11            99284    
        316                    11            99295    
        317                    11            99306    
        318                    11            99317    
        319                    11            99328    
        320                    11            99339    
        321                    11            99350    
        322                    11            99361    
        323                    11            99372    
        324                    11            99383    
        325                    11            99394    
        326                    11            99405    
        327                    11            99416    
        328                    11            99427    
        329                    11            99438    
        330                    11            99449    
        331                    11            99460    
        332                    11            99471    
        333                    11            99482    
        334                    11            99493    
        335                    11            99504    
        336                    11            99515    
        337                    11            99526    
        338                    11            99537    
        339                    11            99548    
        340                    11            99559    
        341                    11            99570    
        342                    11            99581    
        343                    11            99592    
        344                    11            99603    
        345                    11            99614    
        346                    11            99625    
        347                    11            99636    
        348                    11            99647    
        349                    11            99658    
        350                    11            99669    
        351                    11            99680    
        352                    11            99691    
        353                    11            99702    
        354                    11            99713    
        355                    11            99724    
        356                    11            99735    
        357                    11            99746    
        358                    11            99757    
        359                    11            99768    
        360                    11            99779    
        361                    11            99790    
        362                    11            99801    
        363                    11            99812    
        364                    11            99823    
        365                    11            99834    
        366                    11            99845    
        367                    11            99856    
        368                    11            99867    
        369                    11            99878    
        370                    11            99889    
        371                    11            99900    
        372                    11            99911    
        373                    11            99922    
        374                    11            99933    
        375                    11            99944    
        376                    11            99955    
        377                    11            99966    
        378                    11            99977    
        379                    11            99988    
        380                    11            99999    
        381                    11           100010    
        382                    11           100021    
        383                    11           100032    
        384                    11           100043    
        385                    11           100054    
        386                    11           100065    
        387                    11           100076    
        388                    11           100087    
        389                    11           100098    
        390                    11           100109    
        391                    11           100120    
        392                    11           100131    
        393                    11           100142    
        394                    11           100153    
        395                    11           100164    
        396                    11           100175    
        397                    11           100186    
        398                    11           100197    
        399                    11           100208    
        400                    11           100219    
        401                    11           100230    
        402                    11           100241    
        403                    11           100252    
        404                    11           100263    
        405                    11           100274    
        406                    11           100285    
        407                    11           100296    
        408                    11           100307    
        409                    11           100318    
        410                    11           100329    
        411                    11           100340    
        412                    11           100351    
        413                    11           100362    
        414                    11           100373    
        415                    11           100384    
        416                    11           100395    
        417                    11           100406    
        418                    11           100417    
        419                    11           100428    
        420                    11           100439    
        421                    11           100450    
        422                    11           100461    
        423                    11           100472    
        424                    11           100483    
        425                    11           100494    
        426                    11           100505    
        427                    11           100516    
        428                    11           100527    
        429                    11           100538    
        430                    11           100549    
        431                    11           100560    
        432                    11           100571    
        433                    11           100582    
        434                    11           100593    
        435                    11           100604    
        436                    11           100615    
        437                    11           100626    
        438                    11           100637    
        439                    11           100648    
        440                    11           100659    
        441                    11           100670    
        442                    11           100681    
        443                    11           100692    
        444                    11           100703    
        445                    11           100714    
        446                    11           100725    
        447                    11           100736    
        448                    11           100747    
        449                    11           100758    
        450                    11           100769    
        451                    11           100780    
        452                    11           100791    
        453                    11           100802    
        454                    11           100813    
        455                    11           100824    
        456                    11           100835    
        457                    11           100846    
        458                    11           100857    
        459                    11           100868    
        460                    11           100879    
        461                    11           100890    
        462                    11           100901    
        463                    11           100912    
        464                    11           100923    
        465                    11           100934    
        466                    11           100945    
        467                    11           100956    
        468                    11           100967    
        469                    11           100978    
        470                    11           100989    
        471                    11           101000    
        472                    11           101011    
        473                    11           101022    
        474                    11           101033    
        475                    11           101044    
        476                    11           101055    
        477                    11           101066    
        478                    11           101077    
        479                    11           101088    
        480                    11           101099    
        481                    11           101110    
        482                    11           101121    
        483                    11           101132    
        484                    11           101143    
        485                    11           101154    
        486                    11           101165    
        487                    11           101176    
        488                    11           101187    
        489                    11           101198    
        490                    11           101209    
        491                    11           101220    
        492                    11           101231    
        493                    11           101242    
        494                    11           101253    
        495                    11           101264    
        496                    11           101275    
        497                    11           101286    
        498                    11           101297    
        499                    11           101308    
        500                    11           101319    
        501                    11           101330    
        502                    11           101341    
        503                    11           101352    
        504                    11           101363    
        505                    11           101374    
        506                    12           101386    
        507                    12           101398    
        508                    12           101410    
        509                    12           101422    
        510                 31463           132885    
        511                     5           132890    
        512                     1           132891    
        513                     1           132892    
        514                     1           132893    
        515                     1           132894    
        516                     1           132895    
        517                     1           132896    
        518                     1           132897    
        519                     1           132898    
        520                     1           132899    
        521                     1           132900    
        522                     1           132901    
        523                     1           132902    
        524                     1           132903    
        525                     1           132904    
        526                     1           132905    
        527                     1           132906    
        528                     1           132907    
        529                     1           132908    
        530                     1           132909    
        531                     1           132910    
        532                     1           132911    
        533                     1           132912    
        534                     1           132913    
        535                     1           132914    
        536                    11           132925    
        537                    11           132936    
        538                    11           132947    
        539                    11           132958    
        540                    11           132969    
        541                    11           132980    
        542                    11           132991    
        543                    11           133002    
        544                    11           133013    
        545                    11           133024    
        546                    11           133035    
        547                    11           133046    
        548                    11           133057    
        549                    11           133068    
        550                    11           133079    
        551                    11           133090    
        552                    11           133101    
        553                    11           133112    
        554                    11           133123    
        555                    11           133134    
        556                    11           133145    
        557                    11           133156    
        558                    11           133167    
        559                    11           133178    
        560                    11           133189    
        561                    11           133200    
        562                    11           133211    
        563                    11           133222    
        564                    11           133233    
        565                    11           133244    
        566                    11           133255    
        567                    11           133266    
        568                    11           133277    
        569                    11           133288    
        570                    11           133299    
        571                    11           133310    
        572                    11           133321    
        573                    11           133332    
        574                    11           133343    
        575                    11           133354    
        576                    11           133365    
        577                    11           133376    
        578                    11           133387    
        579                    11           133398    
        580                    11           133409    
        581                    11           133420    
        582                    11           133431    
        583                    11           133442    
        584                    11           133453    
        585                    11           133464    
        586                    11           133475    
        587                    11           133486    
        588                    11           133497    
        589                    11           133508    
        590                    11           133519    
        591                    11           133530    
        592                    11           133541    
        593                    11           133552    
        594                    11           133563    
        595                    11           133574    
        596                    11           133585    
        597                    11           133596    
        598                    11           133607    
        599                    11           133618    
        600                    11           133629    
        601                    11           133640    
        602                    11           133651    
        603                    11           133662    
        604                    11           133673    
        605                    11           133684    
        606                    11           133695    
        607                    11           133706    
        608                    11           133717    
        609                    11           133728    
        610                    11           133739    
        611                    11           133750    
        612                    11           133761    
        613                    11           133772    
        614                    11           133783    
        615                    11           133794    
        616                    11           133805    
        617                    11           133816    
        618                    11           133827    
        619                    11           133838    
        620                    11           133849    
        621                    11           133860    
        622                    11           133871    
        623                    11           133882    
        624                    11           133893    
        625                    11           133904    
        626                    11           133915    
        627                    11           133926    
        628                    11           133937    
        629                    11           133948    
        630                    11           133959    
        631                    11           133970    
        632                    11           133981    
        633                    11           133992    
        634                    11           134003    
        635                    11           134014    
        636                    11           134025    
        637                    11           134036    
        638                    11           134047    
        639                    11           134058    
        640                    11           134069    
        641                    11           134080    
        642                    11           134091    
        643                    11           134102    
        644                    11           134113    
        645                    11           134124    
        646                    11           134135    
        647                    11           134146    
        648                    11           134157    
        649                    11           134168    
        650                    11           134179    
        651                    11           134190    
        652                    11           134201    
        653                    11           134212    
        654                    11           134223    
        655                    11           134234    
        656                    11           134245    
        657                    11           134256    
        658                    11           134267    
        659                    11           134278    
        660                    11           134289    
        661                    11           134300    
        662                    11           134311    
        663                    11           134322    
        664                    11           134333    
        665                    11           134344    
        666                    11           134355    
        667                    11           134366    
        668                    11           134377    
        669                    11           134388    
        670                    11           134399    
        671                    11           134410    
        672                    11           134421    
        673                    11           134432    
        674                    11           134443    
        675                    11           134454    
        676                    11           134465    
        677                    11           134476    
        678                    11           134487    
        679                    11           134498    
        680                    11           134509    
        681                    11           134520    
        682                    11           134531    
        683                    11           134542    
        684                    11           134553    
        685                    11           134564    
        686                    11           134575    
        687                    11           134586    
        688                    11           134597    
        689                    11           134608    
        690                    11           134619    
        691                    11           134630    
        692                    11           134641    
        693                    11           134652    
        694                    11           134663    
        695                    11           134674    
        696                    11           134685    
        697                    11           134696    
        698                    11           134707    
        699                    11           134718    
        700                    11           134729    
        701                    11           134740    
        702                    11           134751    
        703                    11           134762    
        704                    11           134773    
        705                    11           134784    
        706                    11           134795    
        707                    11           134806    
        708                    11           134817    
        709                    11           134828    
        710                    11           134839    
        711                    11           134850    
        712                    11           134861    
        713                    11           134872    
        714                    11           134883    
        715                    11           134894    
        716                    11           134905    
        717                    11           134916    
        718                    11           134927    
        719                    11           134938    
        720                    11           134949    
        721                    11           134960    
        722                    11           134971    
        723                    11           134982    
        724                    11           134993    
        725                    11           135004    
        726                    11           135015    
        727                    11           135026    
        728                    11           135037    
        729                    11           135048    
        730                    11           135059    
        731                    11           135070    
        732                    11           135081    
        733                    11           135092    
        734                    11           135103    
        735                    11           135114    
        736                    11           135125    
        737                    11           135136    
        738                    11           135147    
        739                    11           135158    
        740                    11           135169    
        741                    11           135180    
        742                    11           135191    
        743                    11           135202    
        744                    11           135213    
        745                    11           135224    
        746                    11           135235    
        747                    11           135246    
        748                    11           135257    
        749                    11           135268    
        750                    11           135279    
        751                    11           135290    
        752                    11           135301    
        753                    11           135312    
        754                    11           135323    
        755                    11           135334    
        756                    11           135345    
        757                    11           135356    
        758                    11           135367    
        759                    11           135378    
        760                    11           135389    
        761                    16           135405    
        762                    16           135421    
        763                    16           135437    
        764                    16           135453    
        765                 23589           159042    
        766                    14           159056    
        767                    11           159067    
        768                    11           159078    
        769                    11           159089    
        770                    11           159100    
        771                    11           159111    
        772                    11           159122    
        773                    11           159133    
        774                    11           159144    
        775                    11           159155    
        776                    11           159166    
        777                    11           159177    
        778                    11           159188    
        779                    11           159199    
        780                    11           159210    
        781                    11           159221    
        782                    11           159232    
        783                    11           159243    
        784                    11           159254    
        785                    11           159265    
        786                    11           159276    
        787                    11           159287    
        788                    11           159298    
        789                    11           159309    
        790                    11           159320    
        791                    11           159331    
        792                    11           159342    
        793                    11           159353    
        794                    11           159364    
        795                    11           159375    
        796                    11           159386    
        797                    11           159397    
        798                    11           159408    
        799                    11           159419    
        800                    11           159430    
        801                    11           159441    
        802                    11           159452    
        803                    11           159463    
        804                    11           159474    
        805                    11           159485    
        806                    11           159496    
        807                    11           159507    
        808                    11           159518    
        809                    11           159529    
        810                    11           159540    
        811                    11           159551    
        812                    11           159562    
        813                    11           159573    
        814                    11           159584    
        815                    11           159595    
        816                    11           159606    
        817                    11           159617    
        818                    11           159628    
        819                    11           159639    
        820                    11           159650    
        821                    11           159661    
        822                    11           159672    
        823                    11           159683    
        824                    11           159694    
        825                    11           159705    
        826                    11           159716    
        827                    11           159727    
        828                    11           159738    
        829                    11           159749    
        830                    11           159760    
        831                    11           159771    
        832                    11           159782    
        833                    11           159793    
        834                    11           159804    
        835                    11           159815    
        836                    11           159826    
        837                    11           159837    
        838                    11           159848    
        839                    11           159859    
        840                    11           159870    
        841                    11           159881    
        842                    11           159892    
        843                    11           159903    
        844                    11           159914    
        845                    11           159925    
        846                    11           159936    
        847                    11           159947    
        848                    11           159958    
        849                    11           159969    
        850                    11           159980    
        851                    11           159991    
        852                    11           160002    
        853                    11           160013    
        854                    11           160024    
        855                    11           160035    
        856                    11           160046    
        857                    11           160057    
        858                    11           160068    
        859                    11           160079    
        860                    11           160090    
        861                    11           160101    
        862                    11           160112    
        863                    11           160123    
        864                    11           160134    
        865                    11           160145    
        866                    11           160156    
        867                    11           160167    
        868                    11           160178    
        869                    11           160189    
        870                    11           160200    
        871                    11           160211    
        872                    11           160222    
        873                    11           160233    
        874                    11           160244    
        875                    11           160255    
        876                    11           160266    
        877                    11           160277    
        878                    11           160288    
        879                    11           160299    
        880                    11           160310    
        881                    11           160321    
        882                    11           160332    
        883                    11           160343    
        884                    11           160354    
        885                    11           160365    
        886                    11           160376    
        887                    11           160387    
        888                    11           160398    
        889                    11           160409    
        890                    11           160420    
        891                    11           160431    
        892                    11           160442    
        893                    11           160453    
        894                    11           160464    
        895                    11           160475    
        896                    11           160486    
        897                    11           160497    
        898                    11           160508    
        899                    11           160519    
        900                    11           160530    
        901                    11           160541    
        902                    11           160552    
        903                    11           160563    
        904                    11           160574    
        905                    11           160585    
        906                    11           160596    
        907                    11           160607    
        908                    11           160618    
        909                    11           160629    
        910                    11           160640    
        911                    11           160651    
        912                    11           160662    
        913                    11           160673    
        914                    11           160684    
        915                    11           160695    
        916                    11           160706    
        917                    11           160717    
        918                    11           160728    
        919                    11           160739    
        920                    11           160750    
        921                    11           160761    
        922                    11           160772    
        923                    11           160783    
        924                    11           160794    
        925                    11           160805    
        926                    11           160816    
        927                    11           160827    
        928                    11           160838    
        929                    11           160849    
        930                    11           160860    
        931                    11           160871    
        932                    11           160882    
        933                    11           160893    
        934                    11           160904    
        935                    11           160915    
        936                    11           160926    
        937                    11           160937    
        938                    11           160948    
        939                    11           160959    
        940                    11           160970    
        941                    11           160981    
        942                    11           160992    
        943                    11           161003    
        944                    11           161014    
        945                    11           161025    
        946                    11           161036    
        947                    11           161047    
        948                    11           161058    
        949                    11           161069    
        950                    11           161080    
        951                    11           161091    
        952                    11           161102    
        953                    11           161113    
        954                    11           161124    
        955                    11           161135    
        956                    11           161146    
        957                    11           161157    
        958                    11           161168    
        959                    11           161179    
        960                    11           161190    
        961                    11           161201    
        962                    11           161212    
        963                    11           161223    
        964                    11           161234    
        965                    11           161245    
        966                    11           161256    
        967                    11           161267    
        968                    11           161278    
        969                    11           161289    
        970                    11           161300    
        971                    11           161311    
        972                    11           161322    
        973                    11           161333    
        974                    11           161344    
        975                    11           161355    
        976                    11           161366    
        977                    11           161377    
        978                    11           161388    
        979                    11           161399    
        980                    11           161410    
        981                    11           161421    
        982                    11           161432    
        983                    11           161443    
        984                    11           161454    
        985                    11           161465    
        986                    11           161476    
        987                    11           161487    
        988                    11           161498    
        989                    11           161509    
        990                    11           161520    
        991                    12           161532    
        992                    12           161544    
        993                    12           161556    
        994                    12           161568    
        995                 42307           203875    
        996                    14           203889    
        997                    11           203900    
        998                    11           203911    
        999                    11           203922    
       1000                    11           203933    
       1001                    11           203944    
       1002                    11           203955    
       1003                    11           203966    
       1004                    11           203977    
       1005                    11           203988    
       1006                    11           203999    
       1007                    11           204010    
       1008                    11           204021    
       1009                    11           204032    
       1010                    11           204043    
       1011                    11           204054    
       1012                    11           204065    
       1013                    11           204076    
       1014                    11           204087    
       1015                    11           204098    
       1016                    11           204109    
       1017                    11           204120    
       1018                    11           204131    
       1019                    11           204142    
       1020                    11           204153    
       1021                    11           204164    
       1022                    11           204175    
       1023                    11           204186    
       1024                    11           204197    
       1025                    11           204208    
       1026                    11           204219    
       1027                    11           204230    
       1028                    11           204241    
       1029                    11           204252    
       1030                    11           204263    
       1031                    11           204274    
       1032                    11           204285    
       1033                    11           204296    
       1034                    11           204307    
       1035                    11           204318    
       1036                    11           204329    
       1037                    11           204340    
       1038                    11           204351    
       1039                    11           204362    
       1040                    11           204373    
       1041                    11           204384    
       1042                    11           204395    
       1043                    11           204406    
       1044                    11           204417    
       1045                    11           204428    
       1046                    11           204439    
       1047                    11           204450    
       1048                    11           204461    
       1049                    11           204472    
       1050                    11           204483    
       1051                    11           204494    
       1052                    11           204505    
       1053                    11           204516    
       1054                    11           204527    
       1055                    11           204538    
       1056                    11           204549    
       1057                    11           204560    
       1058                    11           204571    
       1059                    11           204582    
       1060                    11           204593    
       1061                    11           204604    
       1062                    11           204615    
       1063                    11           204626    
       1064                    11           204637    
       1065                    11           204648    
       1066                    11           204659    
       1067                    11           204670    
       1068                    11           204681    
       1069                    11           204692    
       1070                    11           204703    
       1071                    11           204714    
       1072                    11           204725    
       1073                    11           204736    
       1074                    11           204747    
       1075                    11           204758    
       1076                    11           204769    
       1077                    11           204780    
       1078                    11           204791    
       1079                    11           204802    
       1080                    11           204813    
       1081                    11           204824    
       1082                    11           204835    
       1083                    11           204846    
       1084                    11           204857    
       1085                    11           204868    
       1086                    11           204879    
       1087                    11           204890    
       1088                    11           204901    
       1089                    11           204912    
       1090                    11           204923    
       1091                    11           204934    
       1092                    11           204945    
       1093                    11           204956    
       1094                    11           204967    
       1095                    11           204978    
       1096                    11           204989    
       1097                    11           205000    
       1098                    11           205011    
       1099                    11           205022    
       1100                    11           205033    
       1101                    11           205044    
       1102                    11           205055    
       1103                    11           205066    
       1104                    11           205077    
       1105                    11           205088    
       1106                    11           205099    
       1107                    11           205110    
       1108                    11           205121    
       1109                    11           205132    
       1110                    11           205143    
       1111                    11           205154    
       1112                    11           205165    
       1113                    11           205176    
       1114                    11           205187    
       1115                    11           205198    
       1116                    11           205209    
       1117                    11           205220    
       1118                    11           205231    
       1119                    11           205242    
       1120                    11           205253    
       1121                    11           205264    
       1122                    11           205275    
       1123                    11           205286    
       1124                    11           205297    
       1125                    11           205308    
       1126                    11           205319    
       1127                    11           205330    
       1128                    11           205341    
       1129                    11           205352    
       1130                    11           205363    
       1131                    11           205374    
       1132                    11           205385    
       1133                    11           205396    
       1134                    11           205407    
       1135                    11           205418    
       1136                    11           205429    
       1137                    11           205440    
       1138                    11           205451    
       1139                    11           205462    
       1140                    11           205473    
       1141                    11           205484    
       1142                    11           205495    
       1143                    11           205506    
       1144                    11           205517    
       1145                    11           205528    
       1146                    11           205539    
       1147                    11           205550    
       1148                    11           205561    
       1149                    11           205572    
       1150                    11           205583    
       1151                    11           205594    
       1152                    11           205605    
       1153                    11           205616    
       1154                    11           205627    
       1155                    11           205638    
       1156                    11           205649    
       1157                    11           205660    
       1158                    11           205671    
       1159                    11           205682    
       1160                    11           205693    
       1161                    11           205704    
       1162                    11           205715    
       1163                    11           205726    
       1164                    11           205737    
       1165                    11           205748    
       1166                    11           205759    
       1167                    11           205770    
       1168                    11           205781    
       1169                    11           205792    
       1170                    11           205803    
       1171                    11           205814    
       1172                    11           205825    
       1173                    11           205836    
       1174                    11           205847    
       1175                    11           205858    
       1176                    11           205869    
       1177                    11           205880    
       1178                    11           205891    
       1179                    11           205902    
       1180                    11           205913    
       1181                    11           205924    
       1182                    11           205935    
       1183                    11           205946    
       1184                    11           205957    
       1185                    11           205968    
       1186                    11           205979    
       1187                    11           205990    
       1188                    11           206001    
       1189                    11           206012    
       1190                    11           206023    
       1191                    11           206034    
       1192                    11           206045    
       1193                    11           206056    
       1194                    11           206067    
       1195                    11           206078    
       1196                    11           206089    
       1197                    11           206100    
       1198                    11           206111    
       1199                    11           206122    
       1200                    11           206133    
       1201                    11           206144    
       1202                    11           206155    
       1203                    11           206166    
       1204                    11           206177    
       1205                    11           206188    
       1206                    11           206199    
       1207                    11           206210    
       1208                    11           206221    
       1209                    11           206232    
       1210                    11           206243    
       1211                    11           206254    
       1212                    11           206265    
       1213                    11           206276    
       1214                    11           206287    
       1215                    11           206298    
       1216                    11           206309    
       1217                    11           206320    
       1218                    11           206331    
       1219                    11           206342    
       1220                    11           206353    
       1221                    16           206369    
       1222                    16           206385    
       1223                    16           206401    
       1224                    16           206417    
       1225                    16           206433    

Escena      Bytes de forma    Bytes de texto    Bytes de ActionScript
--------    --------------    --------------    ---------------------
Escena 1                52                 0                        0

Símbolo       Bytes de forma    Bytes de texto    Bytes de ActionScript
----------    --------------    --------------    ---------------------
Animar 2                   0                 0                        0
Animar 3                   0                 0                        0
Animar 4                   0                 0                        0
Animar 5                   0                 0                        0
Animar 6                   0                 0                        0
LOGO                       0                90                        0
Símbolo 23                 0                 0                        0

Nombre de fuente                  Bytes         Caracteres
------------------------------    ----------    ----------
TimesNewRomanPS-BoldMT Negrita          3107     ATVacdegijmnorsuy

Mapa de bits           Comprimido    Original      Compresión
-------------------    ----------    ----------    ----------
chichen_itza.jpg            41784       1920000    Calidad JPEG=60
avion.png                   11847        600000    Calidad JPEG=50
logojk-0001.png              3216        116600    Calidad JPEG=50
china.jpg                   34410       1920000    Calidad JPEG=60
coliseo_romano.jpg          31382       1920000    Calidad JPEG=60
cristo_redentor.jpg         23503       1920000    Calidad JPEG=60
gallito_rocas.jpg           42226       1920000    Calidad JPEG=60




