banner_superior_nacional.swf Informe de película
-------------------------------------------------

Metadatos
---------
Bytes         Valor
----------    -----
      1227    <rdf:RDF xmlns:rdf="http://www.w3.org/1999/02/22-rdf-syntax-ns#"> <rdf:Description rdf:about="" xmlns:xmp="http://ns.adobe.com/xap/1.0/"> <xmp:CreatorTool>Adobe Flash CS4 Professional</xmp:CreatorTool> <xmp:CreateDate>2010-03-19T15:35:32-05:00</xmp:CreateDate> <xmp:MetadataDate>2011-11-06T22:14:05-05:00</xmp:MetadataDate> <xmp:ModifyDate>2011-11-06T22:14:05-05:00</xmp:ModifyDate> </rdf:Description> <rdf:Description rdf:about="" xmlns:dc="http://purl.org/dc/elements/1.1/"> <dc:format>application/x-shockwave-flash</dc:format> </rdf:Description> <rdf:Description rdf:about="" xmlns:xmpMM="http://ns.adobe.com/xap/1.0/mm/" xmlns:stRef="http://ns.adobe.com/xap/1.0/sType/ResourceRef#"> <xmpMM:InstanceID>xmp.iid:4149188CEE08E111B25A8370F5824846</xmpMM:InstanceID> <xmpMM:DocumentID>xmp.did:4149188CEE08E111B25A8370F5824846</xmpMM:DocumentID> <xmpMM:OriginalDocumentID>xmp.did:B2B632B09333DF119036AEFB10A42BA5</xmpMM:OriginalDocumentID> <xmpMM:DerivedFrom rdf:parseType="Resource"> <stRef:instanceID>xmp.iid:4049188CEE08E111B25A8370F5824846</stRef:instanceID> <stRef:documentID>xmp.did:B2B632B09333DF119036AEFB10A42BA5</stRef:documentID> <stRef:originalDocumentID>xmp.did:B2B632B09333DF119036AEFB10A42BA5</stRef:originalDocumentID> </xmpMM:DerivedFrom> </rdf:Description> </rdf:RDF> 

Fotograma #    Bytes de fotograma    Bytes totales    Escena
-----------    ------------------    -------------    ------
          1                 38903            38903    Escena 1 (Fotograma de exportación para clases de AS 3.0)
          2                     1            38904    
          3                     1            38905    
          4                     1            38906    
          5                     1            38907    
          6                     1            38908    
          7                     1            38909    
          8                     1            38910    
          9                     1            38911    
         10                     1            38912    
         11                     1            38913    
         12                     1            38914    
         13                     1            38915    
         14                     1            38916    
         15                     1            38917    
         16                     1            38918    
         17                     1            38919    
         18                     1            38920    
         19                     1            38921    
         20                     1            38922    
         21                     1            38923    
         22                     1            38924    
         23                     1            38925    
         24                     1            38926    
         25                     1            38927    
         26                    11            38938    
         27                    11            38949    
         28                    11            38960    
         29                    11            38971    
         30                    11            38982    
         31                    11            38993    
         32                    11            39004    
         33                    11            39015    
         34                    11            39026    
         35                    11            39037    
         36                    11            39048    
         37                    11            39059    
         38                    11            39070    
         39                    11            39081    
         40                    11            39092    
         41                    11            39103    
         42                    11            39114    
         43                    11            39125    
         44                    11            39136    
         45                    11            39147    
         46                    11            39158    
         47                    11            39169    
         48                    11            39180    
         49                    11            39191    
         50                    11            39202    
         51                    11            39213    
         52                    11            39224    
         53                    11            39235    
         54                    11            39246    
         55                    11            39257    
         56                    11            39268    
         57                    11            39279    
         58                    11            39290    
         59                    11            39301    
         60                    11            39312    
         61                    11            39323    
         62                    11            39334    
         63                    11            39345    
         64                    11            39356    
         65                    11            39367    
         66                    11            39378    
         67                    11            39389    
         68                    11            39400    
         69                    11            39411    
         70                    11            39422    
         71                    11            39433    
         72                    11            39444    
         73                    11            39455    
         74                    11            39466    
         75                    11            39477    
         76                    11            39488    
         77                    11            39499    
         78                    11            39510    
         79                    11            39521    
         80                    11            39532    
         81                    11            39543    
         82                    11            39554    
         83                    11            39565    
         84                    11            39576    
         85                    11            39587    
         86                    11            39598    
         87                    11            39609    
         88                    11            39620    
         89                    11            39631    
         90                    11            39642    
         91                    11            39653    
         92                    11            39664    
         93                    11            39675    
         94                    11            39686    
         95                    11            39697    
         96                    11            39708    
         97                    11            39719    
         98                    11            39730    
         99                    11            39741    
        100                    11            39752    
        101                    11            39763    
        102                    11            39774    
        103                    11            39785    
        104                    11            39796    
        105                    11            39807    
        106                    11            39818    
        107                    11            39829    
        108                    11            39840    
        109                    11            39851    
        110                    11            39862    
        111                    11            39873    
        112                    11            39884    
        113                    11            39895    
        114                    11            39906    
        115                    11            39917    
        116                    11            39928    
        117                    11            39939    
        118                    11            39950    
        119                    11            39961    
        120                    11            39972    
        121                    11            39983    
        122                    11            39994    
        123                    11            40005    
        124                    11            40016    
        125                    11            40027    
        126                    11            40038    
        127                    11            40049    
        128                    11            40060    
        129                    11            40071    
        130                    11            40082    
        131                    11            40093    
        132                    11            40104    
        133                    11            40115    
        134                    11            40126    
        135                    11            40137    
        136                    11            40148    
        137                    11            40159    
        138                    11            40170    
        139                    11            40181    
        140                    11            40192    
        141                    11            40203    
        142                    11            40214    
        143                    11            40225    
        144                    11            40236    
        145                    11            40247    
        146                    11            40258    
        147                    11            40269    
        148                    11            40280    
        149                    11            40291    
        150                    11            40302    
        151                    11            40313    
        152                    11            40324    
        153                    11            40335    
        154                    11            40346    
        155                    11            40357    
        156                    11            40368    
        157                    11            40379    
        158                    11            40390    
        159                    11            40401    
        160                    11            40412    
        161                    11            40423    
        162                    11            40434    
        163                    11            40445    
        164                    11            40456    
        165                    11            40467    
        166                    11            40478    
        167                    11            40489    
        168                    11            40500    
        169                    11            40511    
        170                    11            40522    
        171                    11            40533    
        172                    11            40544    
        173                    11            40555    
        174                    11            40566    
        175                    11            40577    
        176                    11            40588    
        177                    11            40599    
        178                    11            40610    
        179                    11            40621    
        180                    11            40632    
        181                    11            40643    
        182                    11            40654    
        183                    11            40665    
        184                    11            40676    
        185                    11            40687    
        186                    11            40698    
        187                    11            40709    
        188                    11            40720    
        189                    11            40731    
        190                    11            40742    
        191                    11            40753    
        192                    11            40764    
        193                    11            40775    
        194                    11            40786    
        195                    11            40797    
        196                    11            40808    
        197                    11            40819    
        198                    11            40830    
        199                    11            40841    
        200                    11            40852    
        201                    11            40863    
        202                    11            40874    
        203                    11            40885    
        204                    11            40896    
        205                    11            40907    
        206                    11            40918    
        207                    11            40929    
        208                    11            40940    
        209                    11            40951    
        210                    11            40962    
        211                    11            40973    
        212                    11            40984    
        213                    11            40995    
        214                    11            41006    
        215                    11            41017    
        216                    11            41028    
        217                    11            41039    
        218                    11            41050    
        219                    11            41061    
        220                    11            41072    
        221                    11            41083    
        222                    11            41094    
        223                    11            41105    
        224                    11            41116    
        225                    11            41127    
        226                    11            41138    
        227                    11            41149    
        228                    11            41160    
        229                    11            41171    
        230                    11            41182    
        231                    11            41193    
        232                    11            41204    
        233                    11            41215    
        234                    11            41226    
        235                    11            41237    
        236                    11            41248    
        237                    11            41259    
        238                    11            41270    
        239                    11            41281    
        240                    11            41292    
        241                    11            41303    
        242                    11            41314    
        243                    11            41325    
        244                    11            41336    
        245                    11            41347    
        246                    11            41358    
        247                    11            41369    
        248                    11            41380    
        249                    11            41391    
        250                    11            41402    
        251                    12            41414    
        252                    12            41426    
        253                    12            41438    
        254                    12            41450    
        255                 34088            75538    
        256                    15            75553    
        257                    11            75564    
        258                    11            75575    
        259                    11            75586    
        260                    11            75597    
        261                    11            75608    
        262                    11            75619    
        263                    11            75630    
        264                    11            75641    
        265                    11            75652    
        266                    11            75663    
        267                    11            75674    
        268                    11            75685    
        269                    11            75696    
        270                    11            75707    
        271                    11            75718    
        272                    11            75729    
        273                    11            75740    
        274                    11            75751    
        275                    11            75762    
        276                    11            75773    
        277                    11            75784    
        278                    11            75795    
        279                    11            75806    
        280                    11            75817    
        281                    11            75828    
        282                    11            75839    
        283                    11            75850    
        284                    11            75861    
        285                    11            75872    
        286                    11            75883    
        287                    11            75894    
        288                    11            75905    
        289                    11            75916    
        290                    11            75927    
        291                    11            75938    
        292                    11            75949    
        293                    11            75960    
        294                    11            75971    
        295                    11            75982    
        296                    11            75993    
        297                    11            76004    
        298                    11            76015    
        299                    11            76026    
        300                    11            76037    
        301                    11            76048    
        302                    11            76059    
        303                    11            76070    
        304                    11            76081    
        305                    11            76092    
        306                    11            76103    
        307                    11            76114    
        308                    11            76125    
        309                    11            76136    
        310                    11            76147    
        311                    11            76158    
        312                    11            76169    
        313                    11            76180    
        314                    11            76191    
        315                    11            76202    
        316                    11            76213    
        317                    11            76224    
        318                    11            76235    
        319                    11            76246    
        320                    11            76257    
        321                    11            76268    
        322                    11            76279    
        323                    11            76290    
        324                    11            76301    
        325                    11            76312    
        326                    11            76323    
        327                    11            76334    
        328                    11            76345    
        329                    11            76356    
        330                    11            76367    
        331                    11            76378    
        332                    11            76389    
        333                    11            76400    
        334                    11            76411    
        335                    11            76422    
        336                    11            76433    
        337                    11            76444    
        338                    11            76455    
        339                    11            76466    
        340                    11            76477    
        341                    11            76488    
        342                    11            76499    
        343                    11            76510    
        344                    11            76521    
        345                    11            76532    
        346                    11            76543    
        347                    11            76554    
        348                    11            76565    
        349                    11            76576    
        350                    11            76587    
        351                    11            76598    
        352                    11            76609    
        353                    11            76620    
        354                    11            76631    
        355                    11            76642    
        356                    11            76653    
        357                    11            76664    
        358                    11            76675    
        359                    11            76686    
        360                    11            76697    
        361                    11            76708    
        362                    11            76719    
        363                    11            76730    
        364                    11            76741    
        365                    11            76752    
        366                    11            76763    
        367                    11            76774    
        368                    11            76785    
        369                    11            76796    
        370                    11            76807    
        371                    11            76818    
        372                    11            76829    
        373                    11            76840    
        374                    11            76851    
        375                    11            76862    
        376                    11            76873    
        377                    11            76884    
        378                    11            76895    
        379                    11            76906    
        380                    11            76917    
        381                    11            76928    
        382                    11            76939    
        383                    11            76950    
        384                    11            76961    
        385                    11            76972    
        386                    11            76983    
        387                    11            76994    
        388                    11            77005    
        389                    11            77016    
        390                    11            77027    
        391                    11            77038    
        392                    11            77049    
        393                    11            77060    
        394                    11            77071    
        395                    11            77082    
        396                    11            77093    
        397                    11            77104    
        398                    11            77115    
        399                    11            77126    
        400                    11            77137    
        401                    11            77148    
        402                    11            77159    
        403                    11            77170    
        404                    11            77181    
        405                    11            77192    
        406                    11            77203    
        407                    11            77214    
        408                    11            77225    
        409                    11            77236    
        410                    11            77247    
        411                    11            77258    
        412                    11            77269    
        413                    11            77280    
        414                    11            77291    
        415                    11            77302    
        416                    11            77313    
        417                    11            77324    
        418                    11            77335    
        419                    11            77346    
        420                    11            77357    
        421                    11            77368    
        422                    11            77379    
        423                    11            77390    
        424                    11            77401    
        425                    11            77412    
        426                    11            77423    
        427                    11            77434    
        428                    11            77445    
        429                    11            77456    
        430                    11            77467    
        431                    11            77478    
        432                    11            77489    
        433                    11            77500    
        434                    11            77511    
        435                    11            77522    
        436                    11            77533    
        437                    11            77544    
        438                    11            77555    
        439                    11            77566    
        440                    11            77577    
        441                    11            77588    
        442                    11            77599    
        443                    11            77610    
        444                    11            77621    
        445                    11            77632    
        446                    11            77643    
        447                    11            77654    
        448                    11            77665    
        449                    11            77676    
        450                    11            77687    
        451                    11            77698    
        452                    11            77709    
        453                    11            77720    
        454                    11            77731    
        455                    11            77742    
        456                    11            77753    
        457                    11            77764    
        458                    11            77775    
        459                    11            77786    
        460                    11            77797    
        461                    11            77808    
        462                    11            77819    
        463                    11            77830    
        464                    11            77841    
        465                    11            77852    
        466                    11            77863    
        467                    11            77874    
        468                    11            77885    
        469                    11            77896    
        470                    11            77907    
        471                    11            77918    
        472                    11            77929    
        473                    11            77940    
        474                    11            77951    
        475                    11            77962    
        476                    11            77973    
        477                    11            77984    
        478                    11            77995    
        479                    11            78006    
        480                    11            78017    
        481                    11            78028    
        482                    11            78039    
        483                    11            78050    
        484                    11            78061    
        485                    11            78072    
        486                    11            78083    
        487                    11            78094    
        488                    11            78105    
        489                    11            78116    
        490                    11            78127    
        491                    11            78138    
        492                    11            78149    
        493                    11            78160    
        494                    11            78171    
        495                    11            78182    
        496                    11            78193    
        497                    11            78204    
        498                    11            78215    
        499                    11            78226    
        500                    11            78237    
        501                    11            78248    
        502                    11            78259    
        503                    11            78270    
        504                    11            78281    
        505                    11            78292    
        506                    12            78304    
        507                    12            78316    
        508                    12            78328    
        509                    12            78340    
        510                 91851           170191    
        511                     5           170196    
        512                     1           170197    
        513                     1           170198    
        514                     1           170199    
        515                     1           170200    
        516                     1           170201    
        517                     1           170202    
        518                     1           170203    
        519                     1           170204    
        520                     1           170205    
        521                     1           170206    
        522                     1           170207    
        523                     1           170208    
        524                     1           170209    
        525                     1           170210    
        526                     1           170211    
        527                     1           170212    
        528                     1           170213    
        529                     1           170214    
        530                     1           170215    
        531                     1           170216    
        532                     1           170217    
        533                     1           170218    
        534                     1           170219    
        535                     1           170220    
        536                    11           170231    
        537                    11           170242    
        538                    11           170253    
        539                    11           170264    
        540                    11           170275    
        541                    11           170286    
        542                    11           170297    
        543                    11           170308    
        544                    11           170319    
        545                    11           170330    
        546                    11           170341    
        547                    11           170352    
        548                    11           170363    
        549                    11           170374    
        550                    11           170385    
        551                    11           170396    
        552                    11           170407    
        553                    11           170418    
        554                    11           170429    
        555                    11           170440    
        556                    11           170451    
        557                    11           170462    
        558                    11           170473    
        559                    11           170484    
        560                    11           170495    
        561                    11           170506    
        562                    11           170517    
        563                    11           170528    
        564                    11           170539    
        565                    11           170550    
        566                    11           170561    
        567                    11           170572    
        568                    11           170583    
        569                    11           170594    
        570                    11           170605    
        571                    11           170616    
        572                    11           170627    
        573                    11           170638    
        574                    11           170649    
        575                    11           170660    
        576                    11           170671    
        577                    11           170682    
        578                    11           170693    
        579                    11           170704    
        580                    11           170715    
        581                    11           170726    
        582                    11           170737    
        583                    11           170748    
        584                    11           170759    
        585                    11           170770    
        586                    11           170781    
        587                    11           170792    
        588                    11           170803    
        589                    11           170814    
        590                    11           170825    
        591                    11           170836    
        592                    11           170847    
        593                    11           170858    
        594                    11           170869    
        595                    11           170880    
        596                    11           170891    
        597                    11           170902    
        598                    11           170913    
        599                    11           170924    
        600                    11           170935    
        601                    11           170946    
        602                    11           170957    
        603                    11           170968    
        604                    11           170979    
        605                    11           170990    
        606                    11           171001    
        607                    11           171012    
        608                    11           171023    
        609                    11           171034    
        610                    11           171045    
        611                    11           171056    
        612                    11           171067    
        613                    11           171078    
        614                    11           171089    
        615                    11           171100    
        616                    11           171111    
        617                    11           171122    
        618                    11           171133    
        619                    11           171144    
        620                    11           171155    
        621                    11           171166    
        622                    11           171177    
        623                    11           171188    
        624                    11           171199    
        625                    11           171210    
        626                    11           171221    
        627                    11           171232    
        628                    11           171243    
        629                    11           171254    
        630                    11           171265    
        631                    11           171276    
        632                    11           171287    
        633                    11           171298    
        634                    11           171309    
        635                    11           171320    
        636                    11           171331    
        637                    11           171342    
        638                    11           171353    
        639                    11           171364    
        640                    11           171375    
        641                    11           171386    
        642                    11           171397    
        643                    11           171408    
        644                    11           171419    
        645                    11           171430    
        646                    11           171441    
        647                    11           171452    
        648                    11           171463    
        649                    11           171474    
        650                    11           171485    
        651                    11           171496    
        652                    11           171507    
        653                    11           171518    
        654                    11           171529    
        655                    11           171540    
        656                    11           171551    
        657                    11           171562    
        658                    11           171573    
        659                    11           171584    
        660                    11           171595    
        661                    11           171606    
        662                    11           171617    
        663                    11           171628    
        664                    11           171639    
        665                    11           171650    
        666                    11           171661    
        667                    11           171672    
        668                    11           171683    
        669                    11           171694    
        670                    11           171705    
        671                    11           171716    
        672                    11           171727    
        673                    11           171738    
        674                    11           171749    
        675                    11           171760    
        676                    11           171771    
        677                    11           171782    
        678                    11           171793    
        679                    11           171804    
        680                    11           171815    
        681                    11           171826    
        682                    11           171837    
        683                    11           171848    
        684                    11           171859    
        685                    11           171870    
        686                    11           171881    
        687                    11           171892    
        688                    11           171903    
        689                    11           171914    
        690                    11           171925    
        691                    11           171936    
        692                    11           171947    
        693                    11           171958    
        694                    11           171969    
        695                    11           171980    
        696                    11           171991    
        697                    11           172002    
        698                    11           172013    
        699                    11           172024    
        700                    11           172035    
        701                    11           172046    
        702                    11           172057    
        703                    11           172068    
        704                    11           172079    
        705                    11           172090    
        706                    11           172101    
        707                    11           172112    
        708                    11           172123    
        709                    11           172134    
        710                    11           172145    
        711                    11           172156    
        712                    11           172167    
        713                    11           172178    
        714                    11           172189    
        715                    11           172200    
        716                    11           172211    
        717                    11           172222    
        718                    11           172233    
        719                    11           172244    
        720                    11           172255    
        721                    11           172266    
        722                    11           172277    
        723                    11           172288    
        724                    11           172299    
        725                    11           172310    
        726                    11           172321    
        727                    11           172332    
        728                    11           172343    
        729                    11           172354    
        730                    11           172365    
        731                    11           172376    
        732                    11           172387    
        733                    11           172398    
        734                    11           172409    
        735                    11           172420    
        736                    11           172431    
        737                    11           172442    
        738                    11           172453    
        739                    11           172464    
        740                    11           172475    
        741                    11           172486    
        742                    11           172497    
        743                    11           172508    
        744                    11           172519    
        745                    11           172530    
        746                    11           172541    
        747                    11           172552    
        748                    11           172563    
        749                    11           172574    
        750                    11           172585    
        751                    11           172596    
        752                    11           172607    
        753                    11           172618    
        754                    11           172629    
        755                    11           172640    
        756                    11           172651    
        757                    11           172662    
        758                    11           172673    
        759                    11           172684    
        760                    11           172695    
        761                    17           172712    
        762                    17           172729    
        763                    17           172746    
        764                    17           172763    
        765                 35170           207933    
        766                    15           207948    
        767                    11           207959    
        768                    11           207970    
        769                    11           207981    
        770                    11           207992    
        771                    11           208003    
        772                    11           208014    
        773                    11           208025    
        774                    11           208036    
        775                    11           208047    
        776                    11           208058    
        777                    11           208069    
        778                    11           208080    
        779                    11           208091    
        780                    11           208102    
        781                    11           208113    
        782                    11           208124    
        783                    11           208135    
        784                    11           208146    
        785                    11           208157    
        786                    11           208168    
        787                    11           208179    
        788                    11           208190    
        789                    11           208201    
        790                    11           208212    
        791                    11           208223    
        792                    11           208234    
        793                    11           208245    
        794                    11           208256    
        795                    11           208267    
        796                    11           208278    
        797                    11           208289    
        798                    11           208300    
        799                    11           208311    
        800                    11           208322    
        801                    11           208333    
        802                    11           208344    
        803                    11           208355    
        804                    11           208366    
        805                    11           208377    
        806                    11           208388    
        807                    11           208399    
        808                    11           208410    
        809                    11           208421    
        810                    11           208432    
        811                    11           208443    
        812                    11           208454    
        813                    11           208465    
        814                    11           208476    
        815                    11           208487    
        816                    11           208498    
        817                    11           208509    
        818                    11           208520    
        819                    11           208531    
        820                    11           208542    
        821                    11           208553    
        822                    11           208564    
        823                    11           208575    
        824                    11           208586    
        825                    11           208597    
        826                    11           208608    
        827                    11           208619    
        828                    11           208630    
        829                    11           208641    
        830                    11           208652    
        831                    11           208663    
        832                    11           208674    
        833                    11           208685    
        834                    11           208696    
        835                    11           208707    
        836                    11           208718    
        837                    11           208729    
        838                    11           208740    
        839                    11           208751    
        840                    11           208762    
        841                    11           208773    
        842                    11           208784    
        843                    11           208795    
        844                    11           208806    
        845                    11           208817    
        846                    11           208828    
        847                    11           208839    
        848                    11           208850    
        849                    11           208861    
        850                    11           208872    
        851                    11           208883    
        852                    11           208894    
        853                    11           208905    
        854                    11           208916    
        855                    11           208927    
        856                    11           208938    
        857                    11           208949    
        858                    11           208960    
        859                    11           208971    
        860                    11           208982    
        861                    11           208993    
        862                    11           209004    
        863                    11           209015    
        864                    11           209026    
        865                    11           209037    
        866                    11           209048    
        867                    11           209059    
        868                    11           209070    
        869                    11           209081    
        870                    11           209092    
        871                    11           209103    
        872                    11           209114    
        873                    11           209125    
        874                    11           209136    
        875                    11           209147    
        876                    11           209158    
        877                    11           209169    
        878                    11           209180    
        879                    11           209191    
        880                    11           209202    
        881                    11           209213    
        882                    11           209224    
        883                    11           209235    
        884                    11           209246    
        885                    11           209257    
        886                    11           209268    
        887                    11           209279    
        888                    11           209290    
        889                    11           209301    
        890                    11           209312    
        891                    11           209323    
        892                    11           209334    
        893                    11           209345    
        894                    11           209356    
        895                    11           209367    
        896                    11           209378    
        897                    11           209389    
        898                    11           209400    
        899                    11           209411    
        900                    11           209422    
        901                    11           209433    
        902                    11           209444    
        903                    11           209455    
        904                    11           209466    
        905                    11           209477    
        906                    11           209488    
        907                    11           209499    
        908                    11           209510    
        909                    11           209521    
        910                    11           209532    
        911                    11           209543    
        912                    11           209554    
        913                    11           209565    
        914                    11           209576    
        915                    11           209587    
        916                    11           209598    
        917                    11           209609    
        918                    11           209620    
        919                    11           209631    
        920                    11           209642    
        921                    11           209653    
        922                    11           209664    
        923                    11           209675    
        924                    11           209686    
        925                    11           209697    
        926                    11           209708    
        927                    11           209719    
        928                    11           209730    
        929                    11           209741    
        930                    11           209752    
        931                    11           209763    
        932                    11           209774    
        933                    11           209785    
        934                    11           209796    
        935                    11           209807    
        936                    11           209818    
        937                    11           209829    
        938                    11           209840    
        939                    11           209851    
        940                    11           209862    
        941                    11           209873    
        942                    11           209884    
        943                    11           209895    
        944                    11           209906    
        945                    11           209917    
        946                    11           209928    
        947                    11           209939    
        948                    11           209950    
        949                    11           209961    
        950                    11           209972    
        951                    11           209983    
        952                    11           209994    
        953                    11           210005    
        954                    11           210016    
        955                    11           210027    
        956                    11           210038    
        957                    11           210049    
        958                    11           210060    
        959                    11           210071    
        960                    11           210082    
        961                    11           210093    
        962                    11           210104    
        963                    11           210115    
        964                    11           210126    
        965                    11           210137    
        966                    11           210148    
        967                    11           210159    
        968                    11           210170    
        969                    11           210181    
        970                    11           210192    
        971                    11           210203    
        972                    11           210214    
        973                    11           210225    
        974                    11           210236    
        975                    11           210247    
        976                    11           210258    
        977                    11           210269    
        978                    11           210280    
        979                    11           210291    
        980                    11           210302    
        981                    11           210313    
        982                    11           210324    
        983                    11           210335    
        984                    11           210346    
        985                    11           210357    
        986                    11           210368    
        987                    11           210379    
        988                    11           210390    
        989                    11           210401    
        990                    11           210412    
        991                    17           210429    
        992                    17           210446    
        993                    17           210463    
        994                    17           210480    
        995                    17           210497    

Escena      Bytes de forma    Bytes de texto    Bytes de ActionScript
--------    --------------    --------------    ---------------------
Escena 1                53                 0                        0

Símbolo       Bytes de forma    Bytes de texto    Bytes de ActionScript
----------    --------------    --------------    ---------------------
Animar 2                   0                 0                        0
Animar 3                   0                 0                        0
Animar 4                   0                 0                        0
Animar 5                   0                 0                        0
Animar 6                   0                 0                        0
LOGO                       0                92                        0
Símbolo 23                 0                 0                        0

Nombre de fuente                  Bytes         Caracteres
------------------------------    ----------    ----------
TimesNewRomanPS-BoldMT Negrita          3170     ATVacdegijmnorsuy

Mapa de bits          Comprimido    Original      Compresión
------------------    ----------    ----------    ----------
chichen_itza.jpg           18701       1920000    Calidad JPEG=60
avion.png                  12088        600000    Calidad JPEG=50
logojk-0001.png             3282        116600    Calidad JPEG=50
china.jpg                  34005       1920000    Calidad JPEG=60
coliseo_romano.jpg         91768       1920000    Calidad JPEG=60
gallito_rocas.jpg          35082       1920000    Calidad JPEG=60




